 nm      %
------------
270.0	10.8
271.5	11.7
272.9	12.1
274.4	12.5
275.8	12.7
277.3	12.7
278.7	12.8
280.2	12.7
281.6	12.8
283.1	13.0
284.5	13.4
286.0	13.6
287.4	13.7
288.9	13.9
290.3	14.1
291.8	14.4
293.2	14.3
294.7	14.4
296.1	15.0
297.6	15.7
299.0	15.9
300.5	16.0
301.9	16.5
303.4	16.9
304.8	17.8
306.3	18.6
307.7	19.1
309.2	18.9
310.6	18.7
312.1	19.1
313.5	20.2
315.0	20.0
316.4	20.6
317.9	20.9
319.3	21.2
320.8	21.4
322.2	22.7
323.7	23.4
325.1	24.1
326.6	23.9
328.0	25.0
329.5	26.0
330.9	27.2
332.4	27.3
333.8	28.5
335.3	29.1
336.7	30.6
338.2	31.2
339.6	30.6
341.1	30.0
342.5	30.4
344.0	31.1
345.4	32.9
346.9	33.7
348.3	35.5
349.8	36.5
351.3	37.5
352.7	37.8
354.2	37.7
355.6	37.8
357.1	39.5
358.5	40.4
360.0	41.2
361.4	41.4
362.9	42.6
364.3	43.9
365.8	44.7
367.2	45.2
368.7	46.0
370.1	46.6
371.6	46.9
373.0	47.2
374.5	47.2
375.9	47.5
377.4	47.0
378.8	47.0
380.3	48.3
381.7	50.0
383.2	50.7
384.6	51.3
386.1	52.6
387.5	53.6
389.0	53.5
390.4	53.2
391.9	53.7
393.3	54.5
394.8	53.7
396.2	53.3
397.7	54.7
399.1	55.9
400.6	56.6
402.0	56.9
403.5	59.2
404.9	61.0
406.4	63.0
407.8	63.7
409.3	64.5
410.7	63.7
412.2	64.7
413.6	64.9
415.1	66.2
416.5	66.2
418.0	65.9
419.4	65.4
420.9	65.8
422.3	66.0
423.8	68.2
425.2	68.6
426.7	70.0
428.1	70.4
429.6	70.9
431.0	71.1
432.5	72.9
434.0	72.8
435.4	73.2
436.9	73.3
438.3	74.4
439.8	74.1
441.2	74.3
442.7	75.2
444.1	75.5
445.6	74.9
447.0	75.3
448.5	76.7
449.9	78.4
451.4	79.3
452.8	80.7
454.3	81.6
455.7	80.2
457.2	80.1
458.6	81.4
460.1	82.8
461.5	83.4
463.0	84.4
464.4	85.0
465.9	84.8
467.3	84.8
468.8	84.8
470.2	86.0
471.7	87.3
473.1	87.3
474.6	87.9
476.0	88.7
477.5	88.0
478.9	86.4
480.4	86.4
481.8	86.9
483.3	85.9
484.7	86.3
486.2	87.9
487.6	89.0
489.1	87.8
490.5	86.8
492.0	86.6
493.4	87.7
494.9	87.3
496.3	87.1
497.8	86.9
499.2	87.0
500.7	86.9
502.1	87.7
503.6	87.9
505.0	89.1
506.5	89.1
507.9	89.6
509.4	90.1
510.8	91.3
512.3	91.2
513.8	91.7
515.2	91.9
516.7	93.0
518.1	93.4
519.6	94.4
521.0	94.6
522.5	95.2
523.9	95.6
525.4	96.8
526.8	97.8
528.3	98.3
529.7	97.5
531.2	97.4
532.6	98.1
534.1	97.2
535.5	96.8
537.0	96.3
538.4	95.7
539.9	92.2
541.3	90.7
542.8	90.0
544.2	90.7
545.7	90.6
547.1	91.0
548.6	91.7
550.0	92.9
551.5	92.3
552.9	91.7
554.4	90.6
555.8	90.1
557.3	89.5
558.7	89.6
560.2	91.0
561.6	92.4
563.1	92.9
564.5	92.5
566.0	92.2
567.4	92.6
568.9	92.5
570.3	93.4
571.8	94.8
573.2	95.8
574.7	96.9
576.1	97.6
577.6	98.3
579.0	98.9
580.5	99.4
581.9	99.5
583.4	99.1
584.8	98.6
586.3	98.9
587.7	99.5
589.2	100.0
590.6	99.7
592.1	99.1
593.5	96.7
595.0	94.8
596.5	94.6
597.9	93.5
599.4	92.6
600.8	92.2
602.3	91.0
603.7	89.6
605.2	87.4
606.6	85.7
608.1	85.0
609.5	83.7
611.0	81.9
612.4	78.8
613.9	77.6
615.3	76.3
616.8	76.1
618.2	74.0
619.7	73.2
621.1	72.6
622.6	72.5
624.0	70.7
625.5	69.1
626.9	67.4
628.4	65.9
629.8	65.0
631.3	63.6
632.7	62.8
634.2	62.9
635.6	61.2
637.1	60.8
638.5	60.3
640.0	59.5
641.4	58.1
642.9	56.9
644.3	55.7
645.8	55.1
647.2	53.7
648.7	52.8
650.1	51.2
651.6	50.4
653.0	48.7
654.5	47.5
655.9	46.4
657.4	45.6
658.8	44.0
660.3	42.9
661.7	41.7
663.2	40.2
664.6	39.2
666.1	37.8
667.5	36.0
669.0	34.7
670.4	33.7
671.9	32.4
673.3	31.1
674.8	30.0
676.3	28.6
677.7	27.3
679.2	25.5
680.6	24.1
682.1	22.8
683.5	21.6
685.0	20.5
686.4	19.4
687.9	18.1
689.3	17.2
690.8	15.9
692.2	15.1
693.7	14.3
695.1	13.8
696.6	13.1
698.0	12.7
699.5	12.1
700.9	12.0
702.4	11.9
703.8	11.8
705.3	11.9
706.7	11.8
708.2	11.8
709.6	11.8
711.1	11.6
712.5	11.6
714.0	11.5
715.4	11.5
716.9	11.7
718.3	11.7
719.8	12.0
721.2	12.0
722.7	12.2
724.1	12.2
725.6	12.2
727.0	12.2
728.5	12.1
729.9	12.1
731.4	11.8
732.8	11.8
734.3	11.9
735.7	11.9
737.2	11.9
738.6	12.0
740.1	12.1
741.5	12.1
743.0	12.0
744.4	11.9
745.9	11.7
747.3	11.7
748.8	11.8
750.2	11.8
751.7	12.0
753.1	12.0
754.6	12.1
756.1	12.0
757.5	11.7
759.0	11.7
760.4	11.8
761.9	11.8
763.3	11.6
764.8	11.6
766.2	11.6
767.7	11.6
769.1	11.6
770.6	11.6
772.0	11.7
773.5	11.7
774.9	11.6
776.4	11.6
777.8	11.8
779.3	11.8
780.7	11.7
782.2	11.7
783.6	11.9
785.1	11.9
786.5	12.2
788.0	12.2
789.4	12.0
790.9	12.0
792.3	12.0
793.8	12.0
795.2	11.8
796.7	11.8
798.1	11.5
799.6	11.5
801.0	11.6
802.5	11.6
803.9	11.5
805.4	11.4
806.8	11.3
808.3	11.2
809.7	11.1
811.2	11.1
812.6	11.1
814.1	11.1
815.5	11.2
817.0	11.3
818.4	11.7
819.9	11.7
821.3	11.8
822.8	11.8
824.2	11.5
825.7	11.5
827.1	11.8
828.6	11.8
830.0	11.7
831.5	11.7
832.9	11.7
834.4	11.7
835.8	11.5
837.3	11.4
838.8	11.4
840.2	11.3
841.7	11.0
843.1	11.0
844.6	11.5
846.0	11.5
847.5	11.4
848.9	11.4
850.4	11.6
851.8	11.5
853.3	11.3
854.7	11.3
856.2	11.5
857.6	11.5
859.1	11.4
860.5	11.4
862.0	11.8
863.4	11.8
864.9	11.5
866.3	11.5
867.8	11.5
869.2	11.5
870.7	11.4
872.1	11.4
873.6	11.1
875.0	11.1
876.5	10.9
877.9	10.9
879.4	11.1
880.8	11.1
882.3	10.8
883.7	10.8
885.2	10.4
886.6	10.4
888.1	10.7
889.5	10.7
891.0	11.1
892.4	11.2
893.9	11.1
895.3	11.1
896.8	10.7
898.2	10.7
899.7	10.6
901.1	10.7
902.6	10.8
904.0	10.8
905.5	10.8
906.9	10.8
908.4	10.9
909.8	10.8
911.3	10.6
912.7	10.5
914.2	10.2
915.6	10.2
917.1	10.8
918.6	10.8
920.0	11.0
921.5	11.0
922.9	11.1
924.4	11.1
925.8	10.7
927.3	10.6
928.7	10.8
930.2	10.9
931.6	11.3
933.1	11.4
934.5	11.6
936.0	11.6
937.4	11.3
938.9	11.2
940.3	11.4
941.8	11.5
943.2	11.5
944.7	11.5
946.1	11.5
947.6	11.5
949.0	11.4
950.5	11.4
951.9	11.6
953.4	11.6
954.8	11.5
956.3	11.5
957.7	11.4
959.2	11.4
960.6	11.4
962.1	11.3
963.5	10.9
965.0	10.9
966.4	10.7
967.9	10.7
969.3	10.8
970.8	10.8
972.2	10.7
973.7	10.7
975.1	10.6
976.6	10.5
978.0	10.2
979.5	10.2
980.9	10.2
982.4	10.2
983.8	10.1
985.3	10.1
986.7	10.4
988.2	10.4
989.6	10.6
991.1	10.6
992.5	10.9
994.0	11.0
995.4	11.0
996.9	11.0
998.4	11.0
999.8	11.0
1001.3	10.8
1002.7	10.7
1004.2	10.2
1005.6	10.1
1007.1	10.4
1008.5	10.5
1010.0	10.9
1011.4	10.9
1012.9	10.8
1014.3	10.8
1015.8	10.2
1017.2	10.2
1018.7	10.8
1020.1	10.9
1021.6	11.1
1023.0	11.2
1024.5	11.3
1025.9	11.3
1027.4	11.1
1028.8	11.1
1030.3	11.3
1031.7	11.4
1033.2	11.5
1034.6	11.5
1036.1	11.5
1037.5	11.5
1039.0	11.3
1040.4	11.3
1041.9	10.9
1043.3	10.9
1044.8	11.2
1046.2	11.3
1047.7	11.1
1049.1	11.1
1050.6	11.2
1052.0	11.1
1053.5	11.0
1054.9	11.0
1056.4	10.5
1057.8	10.5
1059.3	10.6
1060.7	10.6
1062.2	10.6
1063.6	10.6
1065.1	10.6
1066.5	10.6
1068.0	10.5
1069.4	10.5
1070.9	10.7
1072.3	10.7
1073.8	10.6
1075.2	10.5
1076.7	10.4
1078.1	10.4
1079.6	10.6
1081.1	10.6
1082.5	10.1
1084.0	10.1
1085.4	10.4
1086.9	10.4
1088.3	10.6
1089.8	10.6
1091.2	10.6
1092.7	10.6
1094.1	10.2
1095.6	10.1
1097.0	10.4
1098.5	10.4
1099.9	10.7
1101.4	10.7
1102.8	10.8
1104.3	10.8
1105.7	10.3
1107.2	10.2
1108.6	10.2
1110.1	10.2
1111.5	10.3
1113.0	10.3
1114.4	10.4
1115.9	10.3
1117.3	10.2
1118.8	10.2
1120.2	10.5
1121.7	10.5
1123.1	10.2
1124.6	10.1
1126.0	9.7
1127.5	9.8
1128.9	9.6
1130.4	9.6
1131.8	9.6
1133.3	9.6
1134.7	9.5
1136.2	9.5
1137.6	9.7
1139.1	9.7
1140.5	9.6
1142.0	9.6
1143.4	9.8
1144.9	9.8
1146.3	9.9
1147.8	10.0
1149.2	10.2
1150.7	10.3
1152.1	10.2
1153.6	10.2
1155.0	10.2
1156.5	10.2
1157.9	10.2
1159.4	10.2
1160.9	10.4
1162.3	10.5
1163.8	10.4
1165.2	10.4
1166.7	9.9
1168.1	9.7
1169.6	9.7
1171.0	9.7
1172.5	9.4
1173.9	9.3
1175.4	9.4
1176.8	9.4
1178.3	9.6
1179.7	9.5
1181.2	9.6
1182.6	9.6
1184.1	9.5
1185.5	9.3
1187.0	9.8
1188.4	9.8
1189.9	10.0
1191.3	10.0
1192.8	9.8
1194.2	9.8
1195.7	9.4
1197.1	9.4
